525
525
524
524
524
525
526
526
526
525
525
524
524
524
525
526
526
525
525
524
524
524
525
525
526
526
515
526
528
526
526
526
526
526
527
496
518
537
533
529
527
527
527
498
493
543
542
534
532
530
528
527
501
469
529
556
545
535
531
529
512
453
499
566
566
559
544
535
531
528
455
469
550
573
555
541
534
530
461
451
479
521
582
565
547
537
532
471
443
490
575
582
559
543
535
493
448
438
464
547
597
573
552
540
520
437
445
518
602
590
563
545
541
537
439
438
481
579
612
580
555
541
448
434
455
539
623
609
591
574
552
468
433
443
508
605
636
595
564
494
432
434
480
577
616
645
622
581
519
432
434
454
540
624
652
607
534
433
432
442
466
510
600
661
640
573
456
431
434
475
568
649
658
608
494
432
432
433
450
533
624
665
625
532
438
432
439
500
594
658
647
559
508
458
431
434
472
565
648
659
598
486
431
433
451
538
625
663
650
620
522
435
432
439
496
589
655
647
564
457
431
433
467
566
614
650
656
593
485
432
432
452
535
624
661
627
527
433
432
440
459
500
597
658
646
559
454
431
435
469
563
644
656
589
486
432
432
433
449
531
624
657
619
519
433
431
437
494
587
652
640
558
508
459
431
434
463
556
646
648
591
487
432
432
445
528
622
656
646
621
520
432
431
437
496
590
654
641
554
449
431
434
473
556
600
636
652
593
487
431
433
446
526
617
654
618
519
433
432
438
456
494
591
656
649
561
455
431
434
466
558
639
648
592
486
431
431
432
448
525
616
656
618
525
434
431
438
492
590
654
650
558
507
457
432
433
463
556
640
655
591
491
431
433
446
528
622
660
652
624
525
433
431
438
496
590
658
642
558
452
431
433
469
563
609
644
653
592
487
432
433
451
529
616
659
620
524
434
433
438
455
493
588
663
648
565
457
432
434
467
563
643
654
597
492
432
432
432
447
527
617
658
624
530
436
431
438
492
590
655
644
566
510
458
431
434
475
562
641
655
595
489
432
432
446
526
616
655
649
621
532
434
431
437
492
590
661
651
565
457
431
434
465
556
602
641
658
602
494
432
433
447
532
621
664
629
529
435
432
439
456
492
587
662
652
562
464
431
434
469
565
649
654
597
497
432
431
433
449
531
621
659
627
532
435
432
438
492
590
659
644
572
517
464
431
434
464
555
638
652
602
492
433
433
449
529
620
660
652
623
527
435
432
438
495
588
661
649
570
470
432
434
464
559
607
646
664
603
496
433
432
447
530
622
659
623
528
436
433
438
453
493
590
656
645
566
471
431
434
468
559
639
657
603
495
432
432
432
447
533
623
659
625
528
439
432
439
498
592
661
654
570
515
464
432
435
462
554
642
658
601
504
433
433
448
522
614
655
650
625
535
438
433
438
493
590
655
646
561
459
432
437
466
557
608
647
659
593
496
433
433
449
524
613
660
628
532
438
432
439
455
493
587
657
647
570
469
431
434
466
563
647
667
612
504
432
432
433
446
527
617
659
635
539
445
432
439
494
591
660
650
568
516
466
432
434
464
557
639
660
609
495
433
434
448
533
616
658
652
627
536
441
434
438
494
594
662
660
578
478
432
434
467
555
599
637
656
605
501
433
433
446
530
628
657
635
535
438
432
437
455
498
600
667
656
569
461
432
435
477
566
648
662
601
498
432
432
434
449
526
620
657
627
535
444
433
438
488
584
653
658
575
519
467
432
434
458
557
647
667
613
508
432
432
451
534
617
658
655
627
531
440
433
438
491
591
662
647
575
472
432
435
466
560
604
640
660
606
498
433
432
444
528
634
661
637
546
443
432
437
450
489
582
659
650
572
473
432
433
464
563
643
660
612
506
432
431
432
443
522
619
671
634
543
443
432
438
500
583
653
654
563
512
465
432
434
463
553
641
656
603
499
433
433
447
523
622
670
665
644
550
442
431
437
500
581
656
654
579
471
431
432
460
568
617
651
667
597
499
432
432
454
532
619
669
633
554
441
432
437
452
484
600
663
650
569
480
433
440
467
543
626
647
588
507
435
434
435
445
515
605
654
625
539
438
432
438
498
591
651
646
576
520
461
432
433
472
558
639
660
618
508
433
434
444
515
610
656
656
637
545
453
432
437
498
590
642
637
569
465
433
434
463
562
606
645
662
604
496
432
433
445
524
615
664
637
541
443
432
436
452
487
581
661
659
582
473
432
434
463
551
644
657
591
497
434
432
433
450
526
607
653
626
537
452
432
438
494
580
647
642
564
517
474
433
432
459
553
640
663
618
510
433
433
443
514
609
659
655
634
550
443
432
438
478
579
657
656
584
476
431
434
459
545
597
636
644
593
497
432
434
455
525
615
681
651
547
442
432
437
458
498
601
662
640
552
461
433
437
451
543
628
652
617
502
431
431
433
443
506
616
675
647
541
433
431
439
509
612
640
620
552
505
471
433
436
466
554
641
674
603
500
431
431
438
503
586
668
672
636
507
433
432
461
545
614
671
636
541
438
430
445
439
482
537
607
658
701
587
441
435
458
518
594
620
604
531
442
431
447
482
521
572
621
633
567
502
431
430
438
507
607
683
660
515
435
433
433
445
509
572
644
625
554
513
432
436
454
549
674
648
577
508
444
430
432
480
573
651
682
596
488
433
431
453
543
595
642
640
615
521
448
429
436
517
598
635
665
609
469
430
433
447
544
597
647
668
590
504
431
429
444
595
625
635
595
539
466
432
442
465
501
547
596
624
588
479
432
433
453
562
647
622
584
461
506
488
450
434
488
620
636
586
534
453
458
433
462
579
648
627
544
502
465
432
450
472
519
618
656
613
474
433
433
438
483
607
712
678
636
511
454
429
441
506
589
617
621
580
469
451
435
492
538
580
602
605
574
457
433
446
471
542
588
675
658
542
439
429
430
432
438
538
685
732
655
528
430
684
580
483
443
432
442
489
570
616
608
554
472
449
441
439
518
617
644
614
556
480
435
447
507
549
598
551
518
525
543
432
445
494
597
648
637
634
574
435
431
433
445
523
657
609
600
465
433
432
492
601
633
691
632
538
506
495
427
432
531
682
656
655
537
504
430
437
449
494
558
632
617
568
523
431
435
486
562
628
558
545
477
491
458
437
450
525
572
580
592
500
497
430
468
531
595
600
608
588
536
522
442
431
471
545
550
615
615
563
429
433
440
536
595
658
656
621
583
436
429
438
479
623
711
696
533
428
428
481
547
656
683
681
625
561
453
428
432
452
558
584
606
576
628
560
494
430
434
453
478
586
640
631
535
462
432
434
506
622
592
669
585
431
431
433
438
477
482
571
677
675
557
446
428
437
570
657
675
591
516
472
437
432
476
494
583
693
666
462
442
431
439
475
552
676
726
703
585
444
434
434
451
603
648
621
524
479
429
426
452
661
705
746
747
639
496
428
426
438
531
646
649
676
577
439
431
430
444
478
526
635
716
580
539
432
438
504
569
582
533
575
475
459
460
438
443
439
560
672
638
586
513
435
549
508
506
595
584
549
545
513
437
442
457
556
634
666
507
464
428
430
433
461
610
678
670
606
498
479
451
555
663
636
698
527
468
430
530
523
485
456
512
506
575
638
507
517
432
442
450
593
641
714
618
427
433
432
433
436
434
475
656
673
563
499
480
447
643
688
681
541
453
431
428
429
442
429
539
663
560
519
669
564
434
567
573
516
581
597
569
521
430
433
455
626
594
599
532
432
430
428
434
507
622
670
709
671
645
459
430
467
571
626
583
669
532
426
472
473
432
500
533
529
676
497
446
530
588
564
523
561
430
453
496
442
426
434
451
701
880
758
576
558
461
425
456
460
478
614
632
690
571
439
431
434
427
444
545
677
656
630
525
443
439
479
522
575
586
576
563
534
430
427
427
470
632
795
789
673
431
437
440
506
509
574
608
590
441
456
444
427
575
685
807
691
543
425
427
430
536
592
542
579
658
590
532
510
438
451
516
547
557
463
550
430
496
432
451
477
583
574
484
642
456
452
539
486
704
588
449
431
459
614
582
506
602
586
435
528
562
600
659
438
431
465
538
570
622
522
487
438
426
446
528
724
676
612
433
430
470
633
445
455
449
548
653
711
674
518
429
434
474
632
676
606
651
469
428
431
449
572
624
657
672
555
451
429
469
456
513
671
632
552
503
430
428
468
453
436
488
615
720
770
603
439
427
440
514
680
701
491
429
489
461
434
440
496
638
668
581
498
429
456
450
712
691
623
594
445
440
439
438
432
442
498
558
648
661
570
473
431
437
461
544
665
697
697
596
443
430
441
438
586
639
671
649
550
429
430
458
525
642
679
643
639
467
429
427
433
491
663
883
823
563
428
432
430
432
447
510
622
654
612
531
441
444
437
461
520
639
632
547
530
489
433
445
514
558
588
634
565
462
438
437
464
487
623
591
600
599
586
487
436
455
528
544
532
464
439
454
599
665
612
579
541
567
585
511
451
432
441
558
536
573
621
439
434
524
534
532
492
507
546
557
554
577
483
452
431
481
574
713
704
650
453
427
428
430
435
470
737
852
734
497
431
428
481
495
544
576
589
633
516
471
487
436
442
583
601
598
507
470
433
449
493
561
647
603
554
516
492
466
433
460
503
601
653
588
548
433
520
555
517
609
600
633
635
502
452
444
441
508
540
590
535
497
559
434
443
463
584
613
609
672
550
553
433
430
436
459
614
707
653
583
482
429
430
441
447
655
721
694
641
488
430
440
486
523
616
593
563
497
434
429
454
539
561
522
597
584
509
430
468
491
471
629
622
640
540
543
560
439
431
442
455
511
566
593
611
570
439
441
521
553
652
735
690
508
442
433
446
488
563
646
664
488
431
437
438
616
681
658
629
553
543
476
437
435
567
618
550
630
589
565
458
443
479
478
461
430
485
593
626
682
570
493
432
464
571
619
621
474
438
440
454
487
517
510
642
651
543
488
431
442
475
541
591
533
547
484
477
533
563
464
558
590
623
621
495
429
430
435
492
637
680
708
716
599
500
432
429
436
537
644
594
558
533
542
474
447
504
535
566
537
496
520
579
479
508
488
567
570
612
481
584
429
429
432
452
638
752
728
553
480
433
434
471
540
568
547
528
606
506
463
448
433
494
596
681
627
561
437
429
435
508
623
594
607
616
543
444
469
489
511
551
582
600
489
446
442
445
474
624
651
690
691
642
483
455
433
431
474
600
640
588
595
520
486
430
441
534
579
578
560
579
503
525
531
437
483
609
642
616
573
490
433
437
457
449
471
562
595
604
552
436
433
438
540
652
717
688
584
472
433
430
443
493
526
585
630
543
516
430
451
519
503
556
642
555
460
477
483
474
498
448
537
615
629
630
453
509
428
466
583
636
675
636
433
436
507
464
547
672
718
592
463
433
430
443
551
606
666
756
686
555
466
436
429
439
479
514
641
683
576
467
430
441
517
581
669
621
541
499
460
443
508
532
580
616
586
582
532
439
432
426
435
541
569
724
783
594
431
432
449
513
573
655
646
506
434
443
494
432
435
495
577
625
690
525
431
429
442
521
788
797
677
551
491
470
433
448
502
608
602
607
502
465
432
445
467
516
524
612
666
591
505
481
449
430
451
568
707
742
630
520
432
436
441
438
547
617
633
479
430
435
445
489
638
648
690
762
477
432
428
428
428
442
676
806
766
626
510
431
428
443
514
625
626
560
549
512
432
437
489
571
613
613
573
516
480
446
453
463
509
569
694
734
654
500
431
437
514
554
597
676
547
434
428
438
512
672
716
741
728
580
447
432
432
450
512
588
610
590
583
520
436
436
432
437
518
689
624
614
536
432
436
445
532
625
680
633
507
429
430
432
462
479
608
634
632
571
506
434
438
471
566
593
666
598
497
428
427
432
474
628
754
756
729
512
430
433
441
523
572
605
603
584
508
458
430
457
519
589
579
633
560
509
427
429
460
626
650
658
712
582
516
533
431
429
450
557
646
701
637
552
435
446
452
483
527
624
614
544
489
428
434
572
581
567
615
621
542
484
449
435
437
451
539
611
664
637
544
430
438
443
458
570
656
633
583
533
501
433
487
599
674
620
550
466
434
429
461
545
624
716
713
666
526
463
432
437
446
515
577
571
543
459
498
515
540
651
661
614
609
589
457
434
426
431
533
671
755
718
576
431
429
441
459
490
543
663
635
593
515
433
429
448
523
625
691
637
559
463
431
431
437
495
572
670
703
616
464
433
437
474
520
537
577
606
548
494
475
454
479
504
583
602
595
564
455
437
431
501
616
656
675
642
542
470
431
436
437
508
662
775
635
553
455
429
432
483
529
578
648
662
595
486
434
442
474
586
643
647
532
437
441
471
473
465
530
606
674
531
510
431
434
451
584
639
651
540
543
508
459
433
446
470
513
569
683
653
562
499
439
449
489
586
649
662
671
590
491
429
438
503
617
650
525
507
448
429
451
562
652
591
532
526
488
434
448
553
562
611
604
562
641
504
437
443
432
456
531
615
712
641
559
511
430
429
451
605
685
722
607
448
429
432
441
499
682
710
677
587
469
432
438
481
519
574
589
634
542
433
434
431
450
576
634
506
553
606
525
488
460
527
559
640
594
464
442
448
473
443
505
581
592
646
565
478
451
429
463
500
629
679
719
699
567
435
429
435
503
600
624
614
516
461
442
493
544
584
586
574
550
561
521
466
440
440
476
607
654
649
563
480
438
432
438
453
501
632
648
619
583
443
427
460
588
603
712
608
478
434
437
442
443
542
589
636
581
472
497
441
483
521
573
604
603
594
548
501
436
429
437
500
547
620
660
598
530
482
444
551
576
580
560
544
514
443
446
505
473
551
617
627
571
514
430
435
519
541
569
630
640
575
491
441
446
466
562
607
587
581
520
495
431
470
488
508
539
568
637
649
526
432
433
441
496
627
633
538
509
434
435
440
439
592
723
693
595
503
436
431
434
478
544
576
600
570
568
568
534
439
469
534
589
612
600
497
432
435
451
499
569
644
669
660
592
522
433
436
463
547
597
630
548
474
467
445
473
524
558
562
660
644
533
485
433
460
505
606
603
592
520
477
433
440
438
468
544
647
594
509
488
488
538
527
538
504
605
595
536
487
450
437
441
479
530
635
625
588
499
443
460
460
508
560
620
590
549
511
501
490
483
505
596
635
587
490
437
432
438
489
580
724
732
725
604
448
435
443
474
540
597
598
493
438
432
431
491
627
684
731
774
619
503
431
433
439
488
548
648
609
546
488
444
437
448
480
572
591
612
557
492
486
467
437
489
608
638
568
504
431
430
435
476
582
641
684
603
515
470
484
462
460
567
602
620
589
525
472
435
437
466
590
599
570
513
464
461
515
518
593
587
587
583
587
550
438
434
459
543
628
693
636
544
462
446
438
455
542
586
599
613
595
545
443
466
448
482
558
627
637
621
511
447
435
447
485
545
609
622
556
499
435
447
546
608
618
651
595
481
435
430
431
459
542
675
651
592
532
483
440
480
503
580
628
633
570
509
433
434
451
516
655
672
622
603
497
438
431
467
564
607
645
635
625
548
453
432
445
525
566
638
649
594
512
480
440
467
508
515
545
535
534
543
571
511
492
504
582
585
562
553
508
479
455
448
460
524
616
716
668
513
431
439
453
515
583
620
602
535
530
472
434
441
517
611
640
663
567
442
434
439
467
577
644
652
576
542
516
432
432
453
589
658
670
554
460
450
461
491
559
592
570
572
597
580
502
441
436
437
511
672
719
615
473
439
456
475
507
547
582
650
619
535
442
438
437
441
459
476
583
641
686
531
565
554
522
526
597
562
545
456
435
445
497
538
607
603
548
479
459
433
436
517
592
594
660
625
556
488
433
439
475
544
597
618
592
555
505
443
432
459
490
570
668
663
583
504
438
448
510
585
635
621
589
504
462
438
439
514
608
646
628
574
489
444
435
482
482
486
525
609
629
597
527
455
448
513
585
615
592
508
469
441
452
471
498
575
620
645
608
548
435
430
457
516
591
643
597
524
471
457
448
458
525
591
643
614
552
439
438
446
493
574
646
664
599
562
519
457
433
466
538
581
638
613
582
471
428
442
535
610
618
611
614
589
498
432
436
459
538
606
633
602
540
455
446
485
565
590
625
634
575
531
482
447
458
479
563
639
657
551
460
439
437
459
468
557
577
616
601
510
443
443
474
539
606
636
604
548
467
442
436
453
520
590
657
633
551
473
435
437
479
573
635
647
588
572
545
468
468
495
556
627
552
560
531
478
448
483
573
666
670
631
613
557
477
437
445
489
576
649
649
604
512
444
440
478
538
563
590
623
598
524
440
436
444
519
593
626
619
533
476
434
441
455
450
551
641
657
589
458
427
441
472
575
649
670
628
547
483
438
437
441
478
561
634
635
583
486
435
438
482
561
617
601
548
539
517
469
442
471
538
583
618
621
526
453
433
464
502
573
624
638
641
581
510
441
442
451
541
618
617
601
526
450
434
456
546
583
620
654
615
525
435
435
446
475
564
657
678
631
544
444
440
453
478
559
617
616
581
492
441
467
453
527
599
634
598
531
474
446
439
450
523
604
642
611
549
487
441
440
477
549
624
675
630
587
529
449
434
471
545
609
634
601
532
465
444
463
514
592
650
659
656
588
501
439
459
519
579
572
623
595
515
452
439
466
562
601
634
654
616
537
461
438
452
523
603
656
645
580
494
438
445
462
493
572
637
645
599
512
450
440
467
543
600
648
630
537
462
440
438
452
510
595
640
626
562
478
435
442
497
561
631
652
597
554
512
437
445
468
542
612
650
623
541
460
437
451
512
583
642
652
645
571
481
434
443
490
574
632
637
601
508
439
442
464
546
589
616
618
607
538
457
438
450
518
593
639
626
559
478
437
442
459
490
565
641
639
593
508
441
435
473
546
621
636
606
532
454
439
438
450
508
588
643
644
576
488
434
443
491
570
633
637
596
557
512
440
440
466
550
612
639
610
535
458
436
459
516
587
640
639
627
559
481
437
441
486
563
626
630
583
506
453
447
471
560
573
586
566
593
539
460
439
452
509
586
650
628
560
479
437
440
451
477
559
626
636
587
503
441
439
462
540
612
635
596
529
457
442
440
454
517
588
639
630
556
479
435
443
484
569
626
631
589
550
508
442
438
462
540
610
642
618
531
454
437
453
521
606
633
625
623
532
455
438
444
492
561
618
633
589
512
441
438
461
533
575
607
630
599
536
470
443
450
509
584
628
624
558
479
437
441
456
487
564
626
636
586
502
439
439
463
535
611
637
612
539
461
437
437
448
511
583
638
632
565
473
438
444
463
543
624
638
597
557
513
440
438
469
527
610
640
586
532
458
438
454
500
593
639
630
616
555
481
436
442
487
566
630
638
583
505
437
438
464
540
583
622
648
612
532
452
436
446
506
588
640
620
553
472
437
442
456
481
557
622
632
584
501
439
438
461
535
606
632
605
534
468
443
438
447
496
568
619
628
565
490
437
445
493
574
624
586
579
549
514
446
443
460
515
606
639
602
530
456
437
449
512
588
634
635
625
562
477
436
442
493
573
630
630
584
505
442
438
462
537
581
614
640
602
521
456
440
460
521
573
620
623
564
485
439
443
444
482
572
591
610
582
515
437
440
473
539
623
640
587
533
464
440
438
445
489
585
637
628
559
479
438
445
485
561
620
634
587
548
507
440
438
460
534
610
629
602
535
460
437
448
514
589
631
623
614
558
481
437
443
490
574
630
628
578
484
439
439
465
536
572
604
629
605
529
459
437
455
521
593
638
628
541
468
437
449
466
480
561
628
633
584
502
438
438
466
546
614
641
606
525
445
436
438
453
510
585
634
623
555
473
435
442
485
566
627
631
586
552
507
439
438
457
534
609
638
607
510
457
437
452
531
603
616
623
627
566
459
434
444
486
560
630
634
579
498
440
438
463
538
575
608
630
605
531
453
436
447
508
583
626
627
561
472
437
440
453
484
560
622
631
580
504
439
440
467
523
607
634
605
530
460
438
437
445
499
582
632
621
559
479
440
449
499
540
595
619
584
545
506
440
438
465
539
612
633
608
531
459
436
453
524
588
632
634
627
562
475
435
445
486
559
628
635
581
494
437
441
464
534
572
607
640
608
526
442
438
448
512
586
632
627
560
485
433
443
461
493
571
632
622
585
513
449
434
474
533
589
638
614
531
454
438
436
448
514
592
637
625
548
474
437
441
484
565
620
635
593
554
512
433
440
463
536
599
635
612
550
467
437
447
503
583
629
630
620
556
482
438
441
483
555
627
640
597
508
435
437
466
538
565
594
638
606
545
475
450
432
480
585
634
632
560
481
437
443
458
493
565
621
617
584
500
447
442
469
540
603
632
603
535
465
441
434
443
510
588
635
627
561
480
436
442
483
558
630
635
585
550
510
434
445
470
542
607
636
612
541
469
433
443
510
580
642
641
632
570
489
437
439
474
564
625
633
591
512
444
436
450
533
574
608
636
608
532
457
438
449
514
588
638
614
553
487
435
443
456
482
558
627
630
584
505
440
438
460
538
609
636
603
538
440
436
438
453
513
583
632
623
561
481
436
440
481
562
627
631
583
549
511
446
440
451
519
608
640
619
538
462
438
443
527
593
603
616
611
560
484
436
445
473
560
627
637
586
505
443
440
451
535
578
611
640
608
532
459
437
447
507
571
630
625
565
488
437
440
453
486
564
620
628
589
505
438
438
461
539
613
640
611
530
439
435
437
450
510
587
639
632
574
471
434
441
488
561
627
635
592
551
509
442
433
461
535
610
634
604
528
452
439
453
519
587
630
629
618
556
488
436
444
488
559
617
622
585
506
444
440
470
549
590
621
630
572
525
461
437
448
508
588
638
624
561
475
437
441
455
484
562
627
636
590
503
442
434
464
540
611
632
602
535
458
438
439
449
513
585
634
608
560
481
436
447
478
561
622
627
587
549
510
442
441
458
517
600
634
609
526
455
439
448
514
587
634
636
624
558
483
436
441
483
557
621
634
592
511
434
441
471
534
563
597
629
609
535
460
438
452
516
598
640
618
540
472
435
442
456
486
566
622
625
580
506
442
440
465
545
615
638
608
534
466
440
435
444
511
591
635
611
551
483
437
444
487
562
622
631
587
547
497
436
438
459
547
614
642
623
539
456
436
445
503
582
646
648
627
561
482
436
439
472
557
624
637
591
519
453
450
464
505
541
583
612
606
539
475
437
445
494
583
641
633
571
501
445
439
451
468
543
617
637
584
507
438
436
460
548
620
647
620
536
455
438
440
455
511
574
628
615
557
482
436
442
481
577
621
617
583
537
498
439
438
461
545
620
648
596
516
441
436
454
523
586
609
615
612
549
483
438
440
481
552
633
626
587
493
434
438
459
547
581
602
628
602
546
451
436
448
510
587
634
611
550
465
438
440
462
500
591
639
615
557
477
441
440
462
560
627
646
611
504
440
435
435
459
481
567
640
655
563
466
437
448
490
583
626
614
562
536
505
439
436
464
541
629
646
611
520
436
437
464
525
566
623
634
620
576
483
434
432
468
564
670
669
571
507
437
434
466
539
614
651
660
608
515
444
449
444
469
546
624
630
582
554
433
450
471
492
559
579
639
611
523
433
433
457
593
642
639
635
559
450
435
435
444
500
600
625
630
549
477
431
438
486
579
651
647
625
580
514
447
431
449
544
601
628
617
526
464
439
471
522
616
672
664
613
500
467
439
459
500
600
590
574
536
478
438
452
480
556
585
615
631
629
546
435
434
442
494
625
641
623
560
484
433
434
447
487
569
622
660
626
497
434
436
449
510
609
663
602
544
440
433
434
453
514
601
621
599
548
495
438
439
470
569
646
644
595
562
483
434
438
469
541
599
591
611
535
467
439
456
522
575
601
618
611
552
466
438
441
485
556
637
638
566
465
436
438
501
556
592
618
635
608
516
441
431
440
516
611
699
642
566
479
434
437
446
458
536
608
680
614
467
438
436
458
542
585
615
625
552
454
438
435
439
507
600
649
623
551
479
433
439
482
559
639
625
598
572
512
434
431
448
555
602
630
622
554
466
436
460
507
591
657
646
616
542
448
436
439
498
566
624
626
581
508
438
438
491
531
532
571
635
584
533
479
437
462
502
569
629
648
542
477
438
440
451
500
542
625
609
573
515
434
451
474
536
602
627
601
496
434
437
436
460
540
603
619
600
571
472
441
442
476
557
627
623
568
543
512
437
436
478
526
605
628
590
526
462
440
450
502
578
641
650
618
535
494
437
442
497
583
616
628
565
489
434
439
444
529
573
600
679
607
541
468
436
444
523
567
631
618
558
457
432
441
483
530
565
614
630
587
501
434
450
471
526
605
645
586
529
452
434
435
444
494
612
653
605
547
487
440
436
470
548
631
645
572
526
488
450
447
454
530
581
644
601
548
491
433
435
494
566
622
634
631
557
489
436
445
465
545
616
620
582
494
435
441
468
536
575
585
597
563
584
513
440
442
500
561
634
607
543
473
434
441
447
468
563
633
646
575
510
443
436
446
516
607
646
613
522
446
436
438
450
504
579
607
613
535
496
464
440
500
559
629
635
528
506
480
443
447
472
548
618
614
585
543
448
434
443
486
562
648
649
651
552
490
434
439
472
585
623
611
575
507
437
441
463
527
569
592
624
585
536
467
433
456
479
588
618
631
556
483
439
446
451
465
547
617
616
591
500
432
436
451
583
623
630
603
537
447
438
437
450
523
584
622
629
556
464
435
438
472
545
620
644
564
503
459
436
459
502
556
627
608
575
520
453
438
445
503
574
631
632
630
583
466
433
439
494
562
645
631
595
511
433
433
454
561
584
627
641
611
507
435
432
448
588
618
618
608
549
467
436
436
449
512
566
601
634
581
488
438
441
482
535
611
623
589
522
462
434
437
446
501
601
633
620
540
456
433
456
495
555
630
641
581
551
503
437
435
476
523
584
644
591
518
445
440
480
517
582
657
650
623
552
484
436
437
478
557
622
632
589
473
436
440
470
520
587
605
622
649
537
447
434
447
503
578
606
614
535
498
444
469
467
477
542
608
630
579
478
436
439
467
559
604
626
580
544
469
432
434
455
504
594
645
624
548
454
442
433
520
574
594
636
585
549
504
432
435
479
559
641
641
589
520
470
433
443
507
559
619
643
632
545
491
448
442
475
549
622
621
580
499
437
442
466
532
563
588
630
582
531
450
435
454
518
596
619
614
560
468
437
447
482
524
575
626
622
560
483
438
436
464
549
615
643
591
555
441
436
434
443
506
576
629
637
557
496
434
442
469
575
633
618
560
558
545
437
442
459
551
585
615
586
556
507
435
447
499
555
617
618
608
597
501
433
435
467
554
638
676
599
529
432
434
462
510
561
598
634
593
524
466
462
457
520
570
640
610
542
472
430
441
458
509
595
659
631
591
508
441
437
467
523
601
614
592
501
438
437
439
462
535
580
629
602
535
467
448
450
492
538
614
627
560
527
482
452
458
479
531
587
617
593
530
460
433
456
532
610
645
639
621
540
457
434
455
450
562
623
643
576
469
440
441
474
540
601
643
642
596
503
446
456
439
485
552
642
616
582
492
437
439
460
487
559
610
621
586
464
441
434
477
540
618
670
633
512
441
434
435
438
485
631
672
653
564
450
433
437
478
573
638
648
543
491
468
443
450
482
535
628
607
587
523
456
434
464
525
567
623
635
614
560
477
437
444
461
571
626
633
586
487
447
439
437
542
572
598
617
585
557
477
443
451
487
568
612
607
560
461
446
442
451
483
576
630
630
560
470
437
438
477
539
612
622
599
528
444
440
442
443
521
584
632
628
554
468
434
443
487
581
638
629
562
531
501
456
437
473
551
604
650
573
487
435
433
453
508
586
650
647
634
538
472
436
447
474
580
630
635
623
498
450
429
463
547
546
573
629
612
529
457
437
451
512
598
637
614
530
470
436
448
465
496
572
610
617
570
503
435
440
466
539
603
631
599
530
455
437
437
451
510
588
641
625
559
476
437
439
488
556
633
643
573
521
478
438
437
460
542
621
643
603
528
454
437
455
513
585
634
631
619
553
475
437
449
489
567
624
631
584
505
439
438
465
543
592
626
623
605
533
459
439
448
511
589
635
626
533
469
458
444
459
489
556
631
627
580
494
438
438
466
533
608
640
620
537
447
436
437
454
517
587
629
618
532
456
436
442
489
561
620
629
567
533
503
449
439
465
519
582
644
610
549
461
437
447
514
589
644
646
636
560
453
435
445
491
573
630
631
575
502
447
441
459
530
572
603
636
594
516
451
437
468
503
591
605
624
558
483
435
443
466
504
566
623
602
550
475
441
492
490
571
623
639
602
489
447
435
435
452
536
586
615
611
550
465
441
457
504
566
618
609
565
530
496
439
438
452
503
603
646
660
537
458
440
452
490
542
622
662
684
601
498
441
441
478
533
627
623
564
499
445
438
472
540
577
614
640
600
487
446
438
451
520
555
643
647
556
488
441
435
440
473
561
631
644
572
515
444
434
473
548
608
606
648
544
440
436
442
455
468
561
634
644
574
477
433
451
492
572
615
601
549
515
506
482
449
480
525
581
625
591
531
459
440
454
499
583
631
625
600
558
483
433
452
489
561
611
608
578
501
444
438
462
554
585
609
637
599
516
462
437
453
487
586
615
630
577
482
442
442
460
493
542
619
618
591
493
441
433
458
565
609
633
590
529
442
435
440
453
510
587
644
602
553
485
432
442
499
590
632
592
545
511
488
442
439
470
537
618
627
586
509
446
442
471
525
589
637
631
599
538
474
433
438
474
576
630
632
592
542
453
434
444
525
574
618
644
617
512
439
437
459
518
578
636
625
571
466
439
458
485
498
536
588
594
578
520
451
450
502
546
582
586
592
528
454
436
435
448
530
589
616
615
558
490
439
457
469
564
626
625
579
540
510
440
441
458
535
605
610
607
559
474
434
443
489
567
645
646
621
558
476
