4.8143e+05
430
444
588
837
887
887
857
745
502
427
427
427
426
426
435
559
701
725
668
640
698
842
887
782
517
423
423
423
424
426
434
512
748
887
887
864
723
562
550
456
425
424
425
428
431
482
587
641
583
536
562
633
661
540
427
425
427
430
427
425
432
548
707
844
886
807
768
766
772
627
490
433
442
484
605
753
719
488
426
424
423
427
435
465
524
700
761
838
887
857
814
729
612
437
424
424
428
446
502
557
618
669
621
540
481
450
438
428
427
425
427
429
453
494
496
521
601
680
678
669
717
735
746
718
743
730
591
454
430
433
456
450
437
428
427
431
431
426
426
456
567
662
758
887
887
887
878
720
455
429
458
474
463
464
466
443
447
432
433
451
530
547
515
521
519
514
503
495
536
561
564
606
641
550
427
426
427
429
448
502
524
582
523
548
606
572
513
543
643
700
622
455
431
431
432
430
500
612
627
662
754
784
852
886
777
588
515
459
435
430
431
426
428
446
476
439
524
566
553
598
651
596
588
643
654
682
638
510
428
426
424
432
435
459
594
679
683
689
583
481
428
426
430
472
563
688
739
691
677
639
524
425
424
425
440
521
609
668
785
801
702
648
655
721
714
492
420
419
420
424
461
625
877
887
887
887
875
723
430
424
424
428
497
630
734
778
681
534
448
430
428
424
424
426
431
441
522
662
777
824
712
563
484
453
433
426
435
516
683
810
785
729
661
567
435
424
424
424
426
435
460
596
756
887
887
887
740
428
421
419
419
422
425
436
658
887
887
887
887
876
800
720
519
423
422
422
424
427
432
457
568
799
887
856
783
683
560
446
429
431
431
433
434
478
508
598
668
554
492
474
447
433
433
431
435
468
499
541
582
635
668
639
625
499
428
427
428
462
593
656
597
486
495
485
430
444
539
758
887
887
844
651
550
524
465
432
429
435
438
434
428
453
544
609
587
559
539
534
497
451
480
479
549
582
563
561
530
512
480
434
434
450
530
588
596
604
675
677
619
530
487
462
449
446
438
449
435
432
433
433
492
556
562
557
540
546
524
481
432
429
436
501
655
837
887
887
886
739
536
429
424
426
428
435
445
524
610
533
426
424
428
435
497
633
805
887
887
845
758
623
549
475
428
430
437
452
517
587
592
500
461
432
431
430
435
438
511
552
537
523
534
619
716
677
547
431
424
423
423
426
439
582
785
887
887
887
871
734
582
494
428
429
430
430
436
438
465
531
548
542
651
724
644
428
423
424
430
469
580
734
887
887
887
774
494
425
425
425
426
428
464
531
608
677
724
729
723
637
520
424
424
426
434
545
659
674
721
680
643
624
555
561
559
536
496
481
445
432
432
432
434
433
430
454
494
474
444
471
584
701
683
642
612
638
719
757
717
641
571
468
434
431
428
427
431
467
541
577
596
646
755
850
854
697
601
605
588
546
454
429
429
430
428
433
453
458
476
508
502
526
558
612
658
677
649
557
475
473
498
453
431
438
453
471
478
505
438
429
432
453
569
580
565
598
728
815
856
782
667
487
423
421
423
426
471
574
645
875
887
887
780
545
470
484
479
459
492
559
538
434
432
434
449
506
630
659
576
533
451
428
430
431
434
479
550
621
588
580
590
636
556
528
567
557
507
426
423
422
428
444
500
540
721
887
887
887
763
471
428
427
428
436
473
585
675
570
454
433
438
481
565
529
521
603
669
609
472
432
437
444
429
435
489
554
540
507
509
578
687
831
887
851
769
597
480
429
424
425
425
429
464
559
662
780
753
656
652
597
495
428
426
427
431
458
473
545
682
687
607
530
464
446
447
480
525
577
550
548
579
544
550
444
436
430
429
431
470
549
654
887
887
887
806
625
428
430
427
423
422
423
424
436
528
674
887
887
887
883
812
628
491
427
426
431
430
427
427
431
444
525
580
553
556
568
589
603
698
695
608
521
441
430
456
471
502
537
484
458
516
540
603
629
609
529
425
424
424
427
443
586
711
680
548
527
561
462
446
563
661
764
794
775
672
536
459
480
473
429
434
471
533
634
761
865
818
661
434
423
422
428
479
562
816
887
887
833
730
547
445
431
430
427
429
432
453
454
472
545
549
537
476
426
429
427
426
471
575
570
611
730
809
873
838
563
422
422
422
425
437
516
687
887
887
878
721
524
430
427
423
427
447
527
617
594
633
732
885
887
799
632
514
427
425
425
427
428
435
473
547
539
522
727
887
887
866
698
530
428
424
424
426
440
529
612
659
613
611
636
509
431
432
425
429
432
431
439
463
556
531
575
628
763
817
684
505
425
426
480
667
788
732
543
476
454
450
448
435
498
585
572
440
427
460
588
553
474
547
679
851
887
811
740
736
703
565
429
428
432
479
591
621
559
491
534
498
428
428
439
477
547
577
506
503
505
499
510
438
453
439
431
428
427
431
446
516
707
800
776
708
678
603
425
428
432
469
494
550
621
615
550
536
476
500
529
428
432
453
516
646
853
887
887
887
828
746
517
423
423
426
432
469
588
599
583
597
675
711
655
510
430
427
429
439
453
444
501
496
560
577
556
564
519
458
436
467
485
429
425
427
427
424
425
426
484
772
887
887
887
886
887
837
608
490
466
563
562
487
434
463
486
422
420
422
435
650
833
887
887
887
886
832
616
440
467
555
499
477
461
489
576
542
452
429
431
436
444
479
508
480
487
470
481
492
562
526
566
611
540
471
445
437
433
438
464
447
457
447
431
431
447
487
450
427
436
493
559
563
528
632
864
887
887
842
744
708
700
615
425
421
422
426
429
511
785
822
861
887
853
708
423
421
421
422
428
460
564
713
887
887
887
874
784
509
428
433
443
444
435
434
444
460
528
559
615
528
428
431
437
463
452
438
432
430
424
423
423
432
553
752
887
887
887
887
887
817
640
510
424
424
421
423
427
442
470
485
442
477
538
566
557
633
870
887
887
886
815
733
616
427
428
428
445
448
428
427
427
440
485
558
549
547
611
686
645
587
530
459
430
447
549
514
479
452
437
433
437
453
436
431
431
441
520
539
435
474
552
689
802
856
834
728
606
457
434
431
429
428
505
676
670
565
579
605
554
486
434
426
432
497
691
707
637
467
433
456
600
809
887
886
825
744
657
496
425
423
425
427
427
436
480
638
745
717
622
501
432
430
432
427
429
433
466
572
653
640
624
566
601
628
498
424
421
420
421
425
433
523
788
887
887
887
887
751
420
420
420
420
421
489
864
887
887
887
887
887
837
754
622
525
493
429
427
426
426
428
458
576
685
706
590
479
465
468
427
428
426
431
479
619
719
704
589
520
474
492
483
492
497
466
512
543
586
629
572
441
425
423
423
424
424
427
429
443
596
849
887
887
887
863
613
425
428
437
462
620
873
887
886
818
737
436
420
420
422
423
455
506
599
867
887
887
882
688
433
441
437
441
433
441
444
484
556
552
535
484
432
432
430
438
473
476
502
492
428
426
427
430
444
531
694
829
887
887
815
583
435
426
425
424
423
425
432
432
439
532
640
693
755
654
554
670
887
887
876
745
590
431
423
422
424
433
559
768
876
887
821
714
582
427
424
424
426
430
434
457
546
612
625
657
605
573
546
461
431
466
547
613
633
581
599
624
603
476
425
424
423
422
421
424
428
456
641
886
887
887
887
887
844
541
420
419
420
421
426
494
866
887
887
887
882
809
620
425
424
424
426
426
436
487
557
676
730
683
614
528
502
483
461
438
459
494
475
493
548
564
521
550
550
496
455
439
438
431
441
483
544
594
538
429
427
427
433
433
485
578
665
686
657
568
618
777
805
801
675
495
478
467
490
535
539
446
423
423
425
426
432
517
760
887
887
887
878
802
657
510
431
428
424
427
429
434
434
487
516
529
591
596
574
596
658
590
475
432
430
430
445
461
478
453
468
573
600
634
670
587
502
428
426
424
423
423
425
433
512
650
832
887
879
798
803
735
665
535
429
448
527
577
574
606
647
791
887
844
684
438
422
422
427
529
726
771
743
712
669
567
431
428
432
439
431
434
438
456
497
566
602
585
580
523
473
473
488
457
430
435
434
425
424
425
428
437
547
744
887
887
887
888
623
426
423
421
422
422
421
423
430
554
844
887
887
887
887
867
786
708
520
422
421
421
423
426
509
760
887
887
809
654
542
469
434
481
462
444
433
426
423
425
427
437
504
564
679
819
887
886
704
502
439
459
432
427
428
426
428
430
432
431
460
577
741
796
778
697
601
527
462
444
426
429
440
575
747
642
617
758
788
627
484
433
450
553
658
676
659
654
521
433
434
455
524
513
429
430
446
543
700
814
849
869
761
554
429
428
427
428
431
446
520
596
603
573
482
444
436
436
506
569
548
551
557
502
425
423
422
422
423
433
515
816
887
887
887
880
782
535
429
435
461
474
491
577
622
612
504
425
426
434
516
560
582
627
682
713
704
534
450
440
478
466
470
430
430
438
512
457
427
494
792
887
887
779
611
496
471
466
447
436
444
432
438
431
430
429
437
440
450
482
627
643
533
431
426
424
424
423
434
612
886
887
887
812
542
426
432
484
648
786
743
651
593
582
609
674
618
482
424
426
427
431
428
423
425
446
658
808
859
883
887
887
856
774
537
425
425
426
430
429
453
550
612
602
582
559
547
486
433
430
427
430
488
583
693
683
637
588
555
545
510
428
424
423
426
436
491
545
655
717
696
600
552
528
424
422
423
430
537
785
887
887
887
887
842
759
597
422
421
421
422
425
454
658
887
887
887
878
735
514
427
424
424
426
432
436
437
534
632
753
811
788
651
505
426
426
425
430
504
566
539
574
532
538
539
444
432
447
502
514
550
504
520
508
483
458
518
631
665
619
507
465
437
430
437
491
649
804
847
885
887
887
841
719
454
424
424
424
429
437
529
706
817
887
756
585
441
425
428
440
451
449
437
464
488
519
579
592
571
549
481
448
479
564
527
490
516
475
434
430
430
429
435
438
492
615
859
887
887
747
424
421
421
422
423
428
437
550
886
887
887
887
886
817
633
491
433
432
424
424
425
424
424
427
434
492
672
780
848
887
887
845
694
615
498
428
428
426
428
427
426
431
460
494
586
728
852
887
787
576
441
448
476
445
433
443
441
428
429
429
431
434
466
534
638
776
840
762
666
546
422
423
424
424
436
533
834
887
887
781
594
504
604
605
508
433
433
441
432
430
432
428
433
441
475
619
756
811
790
669
531
465
441
516
641
722
779
719
604
528
429
423
423
425
427
444
508
631
729
841
887
835
702
552
427
425
427
429
435
457
439
461
538
561
581
599
681
738
664
498
429
430
429
430
428
435
472
613
614
486
435
482
520
514
531
615
784
887
887
887
745
513
432
448
457
428
428
432
472
523
455
431
432
429
429
436
447
509
668
836
885
875
781
632
532
467
458
445
433
426
425
423
424
430
440
463
548
683
841
886
887
818
595
424
423
423
422
425
442
548
626
681
737
825
873
887
887
864
701
475
422
420
421
421
425
444
644
871
887
887
887
882
757
521
427
425
423
429
436
444
442
441
513
665
731
746
648
558
511
453
439
454
483
489
470
519
448
434
445
433
432
446
496
550
605
623
667
645
552
435
426
424
430
452
522
428
430
482
661
887
882
679
535
570
744
883
709
567
437
426
425
428
438
533
692
886
887
887
860
683
518
429
427
432
449
466
465
444
431
429
431
446
552
614
631
622
576
556
555
516
469
436
434
431
430
430
432
430
427
441
474
545
697
853
851
713
514
429
425
425
430
522
731
887
887
887
847
609
428
422
420
420
422
435
531
654
810
887
887
887
856
588
427
425
423
425
434
518
680
742
696
661
633
516
428
427
427
440
497
591
625
685
758
821
798
666
542
427
422
423
422
425
443
485
613
745
773
821
823
745
613
470
432
432
432
441
517
668
720
659
633
594
536
492
510
439
426
427
429
435
485
620
713
684
606
569
532
585
519
431
432
431
431
428
426
431
478
637
808
887
887
887
884
812
578
427
428
426
425
425
426
428
434
464
527
776
887
886
736
562
465
441
465
477
478
440
428
427
429
433
465
560
618
602
615
489
435
440
437
437
492
587
707
737
689
430
424
424
432
566
811
887
887
841
740
606
495
425
424
427
436
460
539
579
543
453
434
434
472
489
496
562
685
887
887
886
780
719
669
480
423
423
424
426
432
501
620
740
758
726
637
500
429
427
433
454
473
479
428
431
433
434
499
538
527
574
687
791
709
560
437
428
426
426
428
436
480
567
725
887
887
887
762
470
425
426
428
431
479
664
779
747
681
598
505
456
445
512
525
552
595
640
669
647
566
514
429
426
427
429
472
515
587
603
601
673
632
507
507
560
529
452
453
528
605
603
546
544
531
499
424
421
419
420
421
428
530
814
887
887
887
887
870
576
424
422
422
423
430
451
582
715
764
751
570
520
552
467
427
430
490
658
873
887
860
748
658
541
427
426
427
427
432
439
500
612
652
696
677
704
673
585
496
475
470
440
432
427
429
436
464
525
521
525
548
619
653
553
425
424
424
426
427
444
528
643
706
764
887
887
880
814
647
536
425
424
424
425
425
434
483
715
887
887
887
872
793
595
428
423
424
429
451
526
627
675
618
527
442
469
533
483
430
430
438
488
576
625
726
696
632
499
428
429
428
437
469
564
607
601
615
573
507
429
425
431
429
428
426
439
593
820
887
887
834
675
583
452
426
424
423
423
433
499
616
739
820
875
887
852
857
831
744
457
427
429
429
428
429
426
424
424
424
426
476
759
887
887
887
885
815
631
491
479
429
428
426
427
425
425
424
431
455
519
599
812
887
887
841
610
424
422
422
425
429
426
427
453
545
696
827
887
887
847
807
753
603
424
421
423
426
428
441
542
758
887
887
887
865
671
475
450
443
436
453
439
441
461
455
491
501
444
441
459
441
495
531
532
548
543
523
477
432
431
447
432
443
546
632
684
688
561
529
550
484
434
430
437
469
432
426
437
495
668
753
676
622
649
612
561
515
532
502
428
488
639
738
740
672
423
426
427
427
429
431
597
887
887
887
879
804
649
587
527
428
424
428
449
518
518
489
477
480
505
541
551
529
460
431
436
449
445
458
474
519
541
591
617
597
570
526
481
428
430
440
469
466
426
430
459
432
426
424
458
667
887
887
868
706
611
478
515
622
680
739
738
637
428
426
426
454
646
887
887
846
646
446
427
427
429
430
426
429
433
537
571
552
622
668
745
728
643
488
430
429
451
507
530
599
610
494
434
487
577
629
614
549
496
492
461
502
492
432
450
463
429
428
432
447
487
482
544
593
589
613
579
547
490
530
663
709
570
442
460
523
603
612
607
541
459
521
662
762
739
764
765
796
745
684
572
425
423
424
425
436
503
572
536
473
450
499
525
497
492
518
511
499
558
615
676
666
565
482
434
450
430
428
431
426
423
422
421
426
472
605
815
887
887
887
887
872
793
664
492
425
423
427
426
426
423
423
427
468
635
682
701
737
802
887
887
875
797
718
565
423
422
422
423
425
437
466
620
810
887
887
779
616
511
430
427
426
424
450
527
536
559
544
542
576
598
610
562
493
466
451
428
430
427
426
426
423
423
422
429
544
811
887
887
887
887
886
821
542
421
421
421
421
423
429
580
887
887
887
887
835
753
683
567
428
427
427
426
428
431
452
501
502
558
594
640
615
544
485
431
433
432
436
475
521
464
552
693
734
647
554
472
429
425
427
437
465
490
601
659
580
536
501
451
428
428
434
472
518
623
627
628
725
886
887
823
723
624
484
457
430
427
427
432
507
615
651
639
628
581
530
514
569
577
484
439
476
472
464
509
521
447
434
438
455
518
563
543
523
540
592
615
605
547
520
502
447
422
422
425
430
443
483
560
733
887
887
887
880
670
423
420
421
422
431
501
638
838
887
887
886
825
683
422
419
419
419
422
425
430
498
857
887
887
887
886
822
740
674
475
423
423
424
424
427
454
583
732
807
836
728
513
428
427
429
434
494
628
667
602
570
556
529
515
436
424
423
424
427
429
438
518
584
785
887
862
846
887
855
663
475
427
425
430
429
434
534
731
829
717
504
435
463
532
638
808
818
709
581
479
424
423
426
428
463
494
459
593
805
887
849
760
650
589
533
431
427
427
427
428
446
480
438
439
533
612
671
699
612
578
547
450
424
421
420
421
421
425
516
832
887
887
887
887
875
797
719
611
471
425
425
425
423
425
425
433
445
488
492
598
647
774
869
887
882
768
655
517
429
427
425
427
432
492
564
624
621
640
612
593
574
500
457
433
431
432
435
428
429
436
482
579
656
715
718
760
783
723
565
428
429
427
424
424
428
437
453
517
589
604
613
697
672
599
569
585
686
826
842
676
520
522
573
624
574
430
427
441
501
520
571
600
619
671
647
536
452
429
424
424
425
429
477
640
728
793
865
887
846
718
632
493
429
431
437
452
468
436
430
429
431
436
488
507
524
556
598
737
813
722
572
430
423
421
421
420
422
431
537
876
887
887
887
886
825
648
429
424
425
434
433
451
431
429
439
441
503
544
705
812
800
694
546
427
429
439
495
569
605
622
535
505
496
502
596
740
777
707
571
522
505
454
436
462
460
475
487
480
431
430
435
441
464
491
435
485
580
648
616
530
478
426
426
426
433
484
534
596
699
807
887
886
852
813
671
513
423
422
422
422
427
490
704
887
887
887
879
804
716
482
426
425
429
433
431
429
439
461
498
498
505
606
715
675
573
498
503
567
603
614
555
496
436
431
435
433
430
433
440
474
602
722
771
669
482
422
422
423
427
430
455
581
886
887
887
887
776
595
603
518
459
426
424
426
429
434
471
544
691
855
887
841
643
429
428
433
431
435
469
533
556
588
621
602
550
477
428
426
427
431
435
446
517
568
615
656
684
662
563
564
519
480
430
427
443
550
646
675
697
675
721
633
536
481
425
428
440
484
576
611
550
487
551
615
680
788
752
574
428
429
433
460
550
598
593
620
553
527
576
553
486
440
435
502
571
616
608
550
500
488
474
503
501
517
519
489
505
504
532
510
511
513
500
537
490
429
430
430
431
453
556
690
703
666
659
559
458
425
423
430
434
464
542
657
857
887
887
886
817
736
618
428
424
423
426
432
445
451
455
524
503
498
552
561
547
556
582
545
490
487
498
535
581
623
622
633
555
429
427
435
458
481
492
501
561
542
508
525
548
544
571
710
812
787
731
619
509
446
432
432
445
479
492
535
541
438
428
428
428
431
432
446
500
673
838
887
807
662
580
502
425
424
426
426
439
594
850
887
886
814
672
512
428
426
426
425
428
446
545
628
665
693
718
706
642
568
568
562
497
437
437
435
435
454
433
425
427
432
444
454
476
556
766
887
887
881
806
648
486
432
425
424
424
425
429
445
512
578
679
744
765
781
723
506
422
424
422
422
424
445
629
855
887
887
887
869
793
618
434
424
423
423
423
425
429
432
462
679
860
887
878
707
578
473
432
426
425
435
498
629
736
815
887
877
804
706
537
429
430
434
434
435
429
434
427
428
434
450
508
624
769
768
727
663
585
488
450
428
427
427
432
429
432
437
453
520
608
712
753
818
887
887
862
760
431
422
424
423
426
431
460
496
669
833
887
768
604
579
548
481
427
427
433
458
462
478
510
474
430
431
427
468
634
870
887
887
883
810
729
665
568
431
428
425
428
426
428
431
463
556
615
629
688
731
726
563
428
426
423
422
421
423
425
439
614
875
887
887
887
887
837
753
563
492
491
427
420
419
419
421
426
454
614
887
886
887
887
872
793
714
654
547
429
428
423
421
421
422
427
443
552
691
887
887
887
877
800
710
551
425
422
422
421
421
423
429
511
674
887
887
887
887
886
821
581
428
431
428
424
425
426
425
430
464
561
680
801
885
887
887
851
766
610
427
422
422
422
424
425
429
464
733
887
887
887
849
684
495
427
428
428
425
424
425
425
427
442
516
626
794
887
887
886
849
795
720
479
424
421
420
421
422
428
483
645
791
887
887
887
868
786
708
517
433
452
446
457
426
423
422
423
426
451
596
772
832
866
721
574
454
425
427
436
461
512
542
536
562
588
675
685
699
798
887
840
703
464
425
426
426
430
434
441
483
579
647
666
684
719
719
639
499
429
427
424
425
429
456
532
627
651
582
618
712
726
637
546
490
433
432
431
431
437
448
428
434
502
727
872
887
887
850
682
573
468
428
424
423
422
424
427
430
487
732
887
887
798
652
605
634
572
465
428
426
423
423
425
433
534
634
736
768
716
654
597
523
568
633
732
752
729
713
611
524
449
431
428
433
437
436
433
429
434
481
565
590
567
611
667
684
688
682
634
490
425
423
424
426
425
434
471
591
754
865
887
887
873
731
498
426
424
425
425
424
429
519
654
789
876
887
857
753
576
429
426
426
435
438
464
533
593
559
453
431
432
432
480
652
781
810
748
659
590
503
429
423
420
421
426
450
617
757
836
887
887
887
839
757
563
425
425
426
440
452
532
647
674
577
427
430
438
436
441
446
536
641
675
656
601
513
477
486
501
461
470
465
471
518
516
490
470
435
430
442
465
460
495
519
567
695
842
887
810
601
520
473
525
580
564
541
584
600
470
424
422
423
429
468
556
601
823
887
887
853
770
694
501
427
427
431
434
443
468
481
513
576
580
554
483
428
434
443
436
443
482
505
441
434
449
444
484
487
491
588
812
887
881
773
603
431
424
422
423
423
422
427
481
844
887
887
887
873
795
665
541
439
431
425
423
426
431
451
569
670
816
884
850
762
605
459
426
424
424
425
433
458
492
531
552
610
706
763
723
597
468
432
461
453
460
491
605
753
757
660
543
430
429
428
428
428
427
431
430
453
530
548
598
772
868
886
784
682
512
426
429
433
428
481
655
732
681
520
431
469
572
612
703
659
618
699
699
719
720
590
455
433
430
428
425
425
429
433
447
514
608
716
836
887
857
652
459
428
425
427
435
457
460
518
604
677
683
663
586
462
433
438
480
425
432
435
429
434
433
486
621
681
756
796
749
733
722
603
477
425
421
422
424
427
451
609
842
887
887
887
869
744
677
660
611
532
454
432
432
429
430
431
440
537
597
625
599
541
551
537
500
451
430
430
430
430
443
497
571
658
691
650
604
548
504
499
472
470
446
434
474
514
471
426
426
436
452
478
526
585
631
688
782
732
641
565
490
454
432
434
510
757
887
730
444
423
426
441
509
633
831
887
877
800
721
594
425
422
425
428
450
558
750
801
769
726
613
490
439
431
431
432
441
472
478
495
535
587
603
584
491
437
432
449
461
459
430
429
426
431
453
534
564
652
741
777
774
800
677
425
421
421
423
427
480
724
887
887
887
882
810
728
664
597
543
426
422
422
423
423
425
429
502
727
887
887
885
817
734
637
482
436
434
428
426
426
429
440
498
554
586
658
702
638
574
522
463
428
426
425
424
423
427
455
534
683
812
887
887
887
848
511
423
422
423
427
434
455
563
710
797
887
838
718
628
581
577
605
585
539
429
424
424
426
430
502
638
765
885
887
828
722
528
432
433
438
479
505
500
493
462
438
448
497
526
503
519
556
563
544
483
438
429
431
429
430
435
463
571
648
663
632
569
515
492
492
517
559
545
507
431
425
429
467
615
837
887
887
859
776
694
469
424
425
430
432
424
422
425
437
498
581
703
843
887
887
863
781
668
482
429
429
438
433
432
452
515
575
587
588
590
541
505
544
532
500
510
482
481
445
429
429
434
470
506
580
647
640
617
591
530
498
448
428
427
431
438
431
441
512
645
685
610
536
558
649
826
810
806
830
776
693
473
424
422
422
423
425
428
474
677
826
887
887
877
800
720
658
574
503
435
433
431
430
429
430
429
433
433
487
569
601
603
625
643
619
602
576
486
484
487
510
505
434
427
429
434
434
430
434
534
734
887
887
861
685
472
425
428
428
428
434
466
575
672
648
675
594
502
458
433
428
427
426
441
488
512
645
799
887
887
861
768
699
650
611
584
565
440
426
426
431
442
469
489
502
509
496
493
465
449
434
461
468
497
592
675
651
607
527
452
429
430
431
462
500
553
609
665
667
586
524
550
548
485
435
432
427
425
427
437
446
525
607
673
770
887
887
873
794
592
426
423
425
431
485
625
782
868
814
735
562
426
426
427
426
425
425
438
509
556
586
628
714
885
887
836
645
539
478
432
435
482
513
495
479
476
452
436
458
497
460
438
472
529
604
588
604
631
630
542
430
424
429
430
428
432
432
461
583
626
642
642
640
692
663
607
625
665
672
625
523
504
548
664
674
602
537
524
484
426
425
424
427
435
478
527
593
752
887
887
840
756
674
534
429
429
432
442
449
487
495
485
504
505
482
472
443
473
612
606
555
546
560
538
448
434
468
504
468
441
427
433
438
471
487
473
516
648
808
887
886
797
437
420
421
422
423
424
490
792
887
887
887
859
778
701
535
425
424
429
457
583
637
581
529
539
513
430
426
435
485
639
786
783
706
658
643
538
472
433
428
428
435
444
443
489
502
563
610
600
601
603
551
446
430
430
429
430
464
487
446
502
550
552
535
556
613
690
688
585
490
476
496
499
581
680
647
604
559
519
495
591
620
537
517
579
637
704
745
695
554
453
496
470
449
433
433
436
441
495
565
588
546
460
427
430
432
432
448
438
466
550
659
816
868
735
617
464
423
424
425
449
483
513
605
716
715
678
652
584
549
508
477
514
560
579
494
430
446
548
719
771
777
786
737
678
631
433
424
425
428
438
454
512
521
513
549
652
627
515
430
433
485
645
741
662
640
583
515
502
447
438
454
497
520
500
516
475
533
539
498
485
440
450
458
495
506
461
492
539
461
429
469
531
533
486
448
441
467
566
739
823
818
838
839
785
658
560
557
554
487
472
436
441
440
434
448
474
556
587
560
570
561
526
479
433
432
430
429
437
451
506
621
735
731
698
601
468
426
425
428
431
460
491
591
712
789
830
801
615
429
430
427
426
433
437
487
582
725
805
798
687
490
427
429
448
604
752
795
767
770
720
664
616
553
469
426
424
423
422
424
432
490
643
749
778
877
887
826
741
588
427
425
424
425
429
429
433
529
697
836
887
878
801
590
433
425
426
430
427
431
437
479
544
612
642
639
538
437
453
548
633
717
781
782
748
698
604
433
423
422
423
426
426
453
539
760
887
887
866
785
709
647
462
426
425
425
425
425
446
588
713
794
772
719
671
565
438
426
429
450
550
658
703
728
702
629
540
451
430
434
435
436
450
472
557
595
660
696
631
518
428
426
423
425
425
427
434
520
685
887
887
887
859
775
672
448
421
420
421
425
464
574
735
865
887
887
871
792
713
654
493
427
427
427
432
444
488
509
555
593
581
579
594
613
591
526
466
432
434
433
430
433
442
456
516
586
600
651
769
803
781
704
627
516
436
430
427
428
427
430
437
437
438
522
595
686
758
738
687
616
523
479
487
432
428
439
544
688
711
698
661
616
599
623
601
440
425
425
427
439
507
567
580
682
811
869
805
724
554
427
424
422
422
425
431
459
522
574
715
869
887
883
811
728
567
472
432
442
458
448
458
441
453
459
460
493
455
444
472
531
559
548
570
610
653
604
519
427
431
439
472
454
467
585
713
785
757
620
545
502
436
427
424
423
424
425
428
485
675
887
887
887
886
823
740
673
620
433
429
432
432
434
450
475
532
579
565
501
466
522
605
626
574
518
494
496
495
473
431
427
426
431
436
458
521
667
822
887
859
682
464
427
425
426
429
442
528
669
742
757
726
652
509
445
443
486
488
465
439
468
514
582
588
659
767
785
583
423
423
423
424
427
449
574
756
887
887
870
790
711
653
538
450
430
434
435
435
445
481
482
485
540
586
602
563
512
461
466
439
442
489
554
549
544
530
468
429
429
432
433
438
492
604
665
785
859
853
779
614
455
432
432
426
425
430
438
479
597
709
741
779
838
796
723
661
425
422
422
425
435
501
625
703
729
680
549
453
454
466
436
431
444
564
814
887
848
763
614
465
433
430
433
448
444
439
483
590
668
647
601
556
552
542
491
456
435
433
441
457
471
499
486
515
515
499
471
430
445
456
463
476
559
590
634
691
658
571
555
585
666
662
619
636
651
572
486
434
427
425
426
435
477
557
652
681
702
694
686
688
635
533
518
523
536
527
522
504
480
468
443
429
429
432
434
441
464
498
578
557
457
439
432
432
485
610
722
825
822
806
721
544
431
430
430
434
442
514
579
644
614
580
594
560
563
467
449
473
444
466
543
627
626
659
661
621
619
615
539
475
463
440
440
434
434
449
437
443
486
551
594
599
576
546
505
432
432
440
463
448
446
436
500
626
726
800
773
674
623
609
623
602
503
447
430
449
450
449
451
477
523
548
552
513
491
459
463
453
435
485
568
591
567
619
648
618
499
432
434
435
471
544
563
613
650
648
590
497
490
494
527
592
605
589
488
441
457
450
444
439
466
588
715
829
816
721
546
506
545
520
513
500
442
434
430
431
431
434
466
557
598
610
580
542
471
452
474
430
441
499
606
644
599
527
481
458
441
433
442
553
633
655
657
632
615
654
648
595
509
446
460
530
578
483
428
429
451
533
572
665
698
760
771
715
630
502
431
428
425
425
426
429
482
644
820
839
799
744
631
569
500
434
427
427
425
431
439
433
476
569
550
595
663
676
592
553
521
516
564
585
631
743
789
737
513
424
426
430
449
461
489
609
732
722
597
505
506
540
565
551
529
539
532
507
477
465
518
577
597
579
554
513
516
501
481
430
432
457
469
496
517
597
582
529
536
582
603
535
443
451
499
554
575
504
432
428
426
426
424
425
437
536
770
887
887
887
838
754
683
633
469
426
424
423
424
426
437
585
763
887
887
840
755
542
427
424
423
425
432
456
542
648
806
887
878
802
723
660
541
431
432
430
432
427
430
437
444
527
699
700
585
532
522
546
560
605
577
563
576
543
467
433
435
426
423
423
423
425
438
604
819
887
887
887
834
751
682
632
469
425
422
421
421
426
443
545
663
761
874
887
881
806
726
658
505
444
446
487
441
427
425
428
434
455
518
636
677
693
661
629
569
531
534
496
442
428
434
435
458
468
498
533
577
605
630
642
595
553
509
492
498
453
431
430
433
470
587
678
701
697
679
687
660
588
546
452
473
495
560
590
589
530
478
466
456
434
441
476
484
525
536
527
532
505
488
536
594
600
551
524
477
456
474
486
521
527
550
514
464
432
432
455
456
435
464
489
588
757
885
878
797
590
435
425
425
426
